0,0.318591385997846,0.253260211101947,0.377237371143535,0.629254715957924,0.908052751220141,1.16274716679314,1.36932751636401,1.51838328892548,1.60775319490924,1.63746052765936,1.60774986728866,1.51840658226956,1.36943566403294,1.16319306795119,0.909254022250417,0.631803673324107,0.381465113093580,0.258121864772955,0.321181938621309,0,0.318591385997846,0.167643861135228,0.0755992137272683,0.328762258308206,0.628198196422986,0.935219445655536,1.20991618854984,1.43086021236500,1.58986889808868,1.68500723435218,1.71663626798868,1.68505714866092,1.58996706289587,1.43109480961606,1.21047356499741,0.936490596718045,0.630722196634799,0.332798662074759,0.0802756853128614,0.170344225237914,0.318356788746780,0.253260211101947,0.0755992137272683,0.160565180251140,0.392885506932664,0.708858055532095,1.03224620659959,1.31604232797670,1.54054690581511,1.70029765092869,1.79530121855859,1.82683042357763,1.79533449476442,1.70041411764908,1.54084306404695,1.31666459302562,1.03349572812831,0.711099207994397,0.396198153222526,0.164153519906261,0.0775352233821571,0.252641273673605,0.377237371143535,0.328762258308206,0.392885506932664,0.591329824179359,0.878222296508467,1.17668324179258,1.43908609044490,1.64605909924450,1.79290533173921,1.88015554341192,1.90902265196497,1.88020545772066,1.79305507466542,1.64634693842488,1.43960686306606,1.17752013836907,0.879373653230006,0.592699140049052,0.394264805664103,0.329484351974605,0.376799789036939,0.629254715957924,0.628198196422986,0.708858055532095,0.878222296508467,1.12461762634875,1.38526182752323,1.61707053254019,1.80089162113717,1.93143417658799,2.00890118374821,2.03455713843916,2.00896773615986,1.93156728141129,1.80110791647503,1.61734006980738,1.38545815713759,1.12450448724895,0.877679894353522,0.708192531415598,0.628048453496774,0.629073360636179,0.908052751220141,0.935219445655536,1.03224620659959,1.17668324179258,1.38526182752323,1.61028052274164,1.81406899864380,1.97748844544957,2.09403835635105,2.16318631205506,2.18606370355963,2.16323622636380,2.09412154686561,1.97757163596413,1.81401908433506,1.60987954446145,1.38424024800441,1.17500445720872,1.03045927434680,0.934484041506807,0.907957914033540,1.16274716679314,1.20991618854984,1.31604232797670,1.43908609044490,1.61707053254019,1.81406899864380,1.99688847344545,2.14593259933488,2.25309862019376,2.31682255434832,2.33788639263544,2.31683919245124,2.25309862019376,2.14584940882032,1.99653907328428,1.81327036970401,1.61559972424274,1.43699967233968,1.31387604697750,1.20876815944888,1.16265232960654,1.36932751636401,1.43086021236500,1.54054690581511,1.64605909924450,1.80089162113717,1.97748844544957,2.14593259933488,2.28607534016618,2.38798372050473,2.44887917716418,2.46901128168821,2.44884590095836,2.38790052999017,2.28582576862249,2.14538354193877,1.97647352117191,1.79927772515466,1.64394772398491,1.53834235717922,1.42946593934094,1.36924266203915,1.51838328892548,1.58986889808868,1.70029765092869,1.79290533173921,1.93143417658799,2.09403835635105,2.25309862019376,2.38798372050473,2.48727991868604,2.54696079383288,2.56672686009284,2.54689424142123,2.48713017575983,2.38763432034357,2.25243309607727,2.09292360345592,1.92983691870840,1.79087548318389,1.69816797375590,1.58835815834424,1.51833503842703,1.60775319490924,1.68500723435218,1.79530121855859,1.88015554341192,2.00890118374821,2.16318631205506,2.31682255434832,2.44887917716418,2.54696079383288,2.60619244020109,2.62585867784357,2.60610924968653,2.54674449849502,2.44844658648846,2.31609047782018,2.16205492105702,2.00735384017736,1.87820888537117,1.79323809379745,1.68345989078132,1.60774154823720,1.63746052765936,1.71663626798868,1.82683042357763,1.90902265196497,2.03455713843916,2.18606370355963,2.33788639263544,2.46901128168821,2.56672686009284,2.62585867784357,2.64549163928022,2.62575884922609,2.56651056475497,2.46857869101248,2.33713767800439,2.18493231256159,2.03300979486830,1.90712590823295,1.82478393691940,1.71508892441783,1.63746551909024,1.60774986728866,1.68505714866092,1.79533449476442,1.88020545772066,2.00896773615986,2.16323622636380,2.31683919245124,2.44884590095836,2.54689424142123,2.60610924968653,2.62575884922609,2.60602605917197,2.54669458418628,2.44842994838555,2.31610711592309,2.16210483536575,2.00740375448609,1.87827543778282,1.79327137000328,1.68350980509006,1.60773822061662,1.51840658226956,1.58996706289587,1.70041411764908,1.79305507466542,1.93156728141129,2.09412154686561,2.25309862019376,2.38790052999017,2.48713017575983,2.54674449849502,2.56651056475497,2.54669458418628,2.48696379473071,2.38755112982901,2.25243309607727,2.09300679397048,1.92997002353170,1.79102522611010,1.69828444047629,1.58845632315142,1.51835666796082,1.36943566403294,1.43109480961606,1.54084306404695,1.64634693842488,1.80110791647503,1.97757163596413,2.14584940882032,2.28582576862249,2.38763432034357,2.44844658648846,2.46857869101248,2.44842994838555,2.38755112982901,2.28559283518172,2.14530035142421,1.97654007358356,1.79951065859544,1.64423889078588,1.53864017922135,1.42969554516113,1.36934914589779,1.16319306795119,1.21047356499741,1.31666459302562,1.43960686306606,1.61734006980738,1.81401908433506,1.99653907328428,2.14538354193877,2.25243309607727,2.31609047782018,2.33713767800439,2.31610711592309,2.25243309607727,2.14530035142421,1.99620631122604,1.81322045539527,1.61587258913050,1.43752377258142,1.31449664821613,1.20931721684499,1.16309656695430,0.909254022250417,0.936490596718045,1.03349572812831,1.17752013836907,1.38545815713759,1.60987954446145,1.81327036970401,1.97647352117191,2.09292360345592,2.16205492105702,2.18493231256159,2.16210483536575,2.09300679397048,1.97654007358356,1.81322045539527,1.60948854904301,1.38444656048052,1.17584634521608,1.03170879587552,0.935748537328151,0.909157521253525,0.631803673324107,0.630722196634799,0.711099207994397,0.879373653230006,1.12450448724895,1.38424024800441,1.61559972424274,1.79927772515466,1.92983691870840,2.00735384017736,2.03300979486830,2.00740375448609,1.92997002353170,1.79951065859544,1.61587258913050,1.38444656048052,1.12440798625205,0.878847889177974,0.710438675308774,0.630567462277714,0.631618990381779,0.381465113093580,0.332798662074759,0.396198153222526,0.592699140049052,0.877679894353522,1.17500445720872,1.43699967233968,1.64394772398491,1.79087548318389,1.87820888537117,1.90712590823295,1.87827543778282,1.79102522611010,1.64423889078588,1.43752377258142,1.17584634521608,0.878847889177974,0.594095076883403,0.397590762436296,0.333514100499993,0.381029194797275,0.258121864772955,0.0802756853128614,0.164153519906261,0.394264805664103,0.708192531415598,1.03045927434680,1.31387604697750,1.53834235717922,1.69816797375590,1.79323809379745,1.82478393691940,1.79327137000328,1.69828444047629,1.53864017922135,1.31449664821613,1.03170879587552,0.710438675308774,0.397590762436296,0.167753672614450,0.0822394805996141,0.257511246396069,0.321181938621309,0.170344225237914,0.0775352233821571,0.329484351974605,0.628048453496774,0.934484041506807,1.20876815944888,1.42946593934094,1.58835815834424,1.68345989078132,1.71508892441783,1.68350980509006,1.58845632315142,1.42969554516113,1.20931721684499,0.935748537328151,0.630567462277714,0.333514100499993,0.0822394805996141,0.173086184597880,0.320934030887914,0,0.318356788746780,0.252641273673605,0.376799789036939,0.629073360636179,0.907957914033540,1.16265232960654,1.36924266203915,1.51833503842703,1.60774154823720,1.63746551909024,1.60773822061662,1.51835666796082,1.36934914589779,1.16309656695430,0.909157521253525,0.631618990381779,0.381029194797275,0.257511246396069,0.320934030887914,0
0,0.349308651594751,0.341831488145910,0.538357432126804,0.879583293326703,1.26026641558340,1.62234813878401,1.93243246276274,2.16995801994041,2.32104863248808,2.37723550602331,2.33537403909567,2.19601328910126,1.96530935411768,1.65607024576690,1.28966760723993,0.901928265538080,0.553746013510500,0.351541485005597,0.353343391551012,0,0.349310315405042,0.230542545385332,0.185276922601809,0.504580419404306,0.893140019579741,1.30289822667589,1.68555629174829,2.01011576526082,2.25707512678983,2.41340674175491,2.47102449214061,2.42688360511397,2.28161632858565,2.04097944616335,1.71683592522363,1.32950920847401,0.912388640839117,0.516643044015808,0.192060277159201,0.232888517895983,0.347633194631470,0.341831488145910,0.185275258791517,0.303176183649491,0.597885236726852,1.00060552629105,1.42750430700756,1.82420160331746,2.16047430128034,2.41701721008690,2.57992087570238,2.64025063686281,2.59491180642647,2.44475292764190,2.19564725083719,1.85962412441800,1.45671249667031,1.02016860769547,0.608132644310610,0.307149362624976,0.185593046557144,0.338603696180901,0.538357432126804,0.504578755594014,0.597881909106270,0.846907723017006,1.20849196694054,1.60475168114384,1.98399394368832,2.31499236302796,2.57376477762479,2.74034546398391,2.80283817852295,2.75844771995262,2.60855505081465,2.35998179330313,2.02863397380234,1.64012262412535,1.23082030104900,0.857694205135126,0.602029788162335,0.506310782107197,0.537833331885063,0.879581629516412,0.893136691959158,1.00060053486017,1.20848863931996,1.51677937580472,1.86899137635769,2.22399857819995,2.55168601506001,2.81994214831692,2.99590672471865,3.06200990758968,3.01848463037080,2.86741065592605,2.61499399664176,2.28511033019726,1.91556142640955,1.54639187136824,1.22525319181451,1.01109418636703,0.902117939911281,0.886930679572827,1.26026475177311,1.30289157143472,1.42749598795611,1.60474668971297,1.86899137635769,2.18351807381403,2.52042301968758,2.85629640318055,3.15077418662743,3.34565628604058,3.41398897470188,3.37067999282085,3.21794220808486,2.95156618045705,2.60847186030009,2.24877271343654,1.91356485406006,1.63579838117841,1.45218693267814,1.32499695496416,1.28049335729403,1.62234481116343,1.68553965364538,1.82418496521455,1.98399394368832,2.22399857819995,2.52042301968758,2.85641286990094,3.22185216226928,3.57418062954263,3.79824596146416,3.85095547149070,3.80756329909511,3.66688813897062,3.37399097530042,2.98797034962942,2.61709039760872,2.29530948728257,2.03908270243134,1.87022259597321,1.72538791012062,1.65950102258744,1.93241582465983,2.01009912715791,2.16044102507451,2.31499236302796,2.55168601506001,2.85629640318055,3.22185216226928,3.65539120985814,4.12721453224848,4.37543838959884,4.34247830772934,4.29647395317650,4.23022102737926,3.91061970853463,3.42523633227067,3.00449198582145,2.66276199010331,2.40159368868709,2.23185176277461,2.06994638333387,1.98841967906303,2.16994138183750,2.25702521248109,2.41693401957234,2.57376477762479,2.81994214831692,3.15077418662743,3.57418062954263,4.12721453224848,5.08516994553384,5.28529304736439,4.81205548622650,4.76761511334743,5.10125899105014,4.77084290531244,3.87815876975250,3.36171205535106,2.97346192388980,2.69141280331849,2.51240345408379,2.33567352494809,2.24361490153369,2.32103199438517,2.41340674175491,2.57968794226161,2.74037874018974,2.99592336282156,3.34565628604058,3.79824596146416,4.37543838959884,5.28529304736439,5.48924291286481,5.08620150791441,5.02899971010151,5.27981911150621,4.95540938091989,4.11644967966415,3.58303210029204,3.17391778777860,2.87852490867154,2.69242772759615,2.50638046082950,2.40821565364623,2.37723550602331,2.47107440644935,2.63985132239291,2.80295464524334,3.06204318379551,3.41400561280479,3.85097210959361,4.34247830772934,4.81205548622650,5.08620150791441,5.06302463055741,5.00046536360672,4.89700963969731,4.57043695573237,4.09952872900222,3.63612428668556,3.24268306711562,2.94705725456779,2.75922971078951,2.57105276685006,2.47119087316973,2.33540731530149,2.42695015752562,2.59461232057405,2.75846435805554,3.01848463037080,3.37067999282085,3.80756329909511,4.29645731507359,4.76761511334743,5.02899971010151,5.00046536360672,4.93639202929100,4.83558176374466,4.51774408380875,4.04688577138733,3.58725817843179,3.19423291143466,2.89925598490041,2.71124542199009,2.52376727837297,2.42605169996835,2.19601328910126,2.28161632858565,2.44465309902443,2.60850513650592,2.86737737972022,3.21792556998195,3.66687150086771,4.23020438927635,5.10124235294723,5.27981911150621,4.89699300159439,4.83558176374466,5.05623628456914,4.75079399130298,3.95389541420983,3.43660015655985,3.03149562684831,2.73583653809465,2.54862460412413,2.36770187305450,2.27640860237406,1.96529271601476,2.04096280806044,2.19559733652845,2.35993187899440,2.61496072043593,2.95153290425123,3.37397433719751,3.91060307043172,4.77082626720953,4.95540938091989,4.57043695573237,4.51772744570583,4.75079399130298,4.43957827632621,3.64194762270491,3.13839543806059,2.75017858280515,2.46295501222809,2.27927035607500,2.11062654495473,2.03021459357902,1.65606026290515,1.71681928712072,1.85959084821218,2.02860069759651,2.28509369209434,2.60843858409427,2.98793707342360,3.42521969416776,3.87815876975250,4.11644967966415,4.09952872900222,4.04688577138733,3.95389541420983,3.64194762270491,3.16809445175926,2.73878148231015,2.38041338367958,2.10102635957427,1.91858956113961,1.76685006257836,1.70254379482187,1.28965928818848,1.32949423418139,1.45669419475711,1.64010265840185,1.91552815020372,2.24875607533362,2.61705712140290,3.00447534771854,3.36169541724815,3.58301546218913,3.63612428668556,3.58725817843179,3.43660015655985,3.13839543806059,2.73878148231015,2.33783647832671,1.97802086474276,1.68505714866092,1.49226146735299,1.36028969886198,1.31791411455434,0.901924937917497,0.912380321787660,1.02015696102343,1.23080699056667,1.54637523326533,1.91354821595715,2.29529284917966,2.66276199010331,2.97346192388980,3.17390114967569,3.24268306711562,3.19423291143466,3.03149562684831,2.75017858280515,2.38041338367958,1.97802086474276,1.58889390525802,1.25732812660907,1.03832244178321,0.927609177383396,0.915057392546268,0.553742685889917,0.516638052584935,0.608124325259154,0.857682558463088,1.22523988133218,1.63578507069608,2.03906606432842,2.40157705058418,2.69139616521558,2.87852490867154,2.94705725456779,2.89925598490041,2.73583653809465,2.46295501222809,2.10102635957427,1.68505714866092,1.25732812660907,0.875134264607922,0.617025710317297,0.522150256079818,0.556682638674541,0.351539821195306,0.192056949538619,0.307142707383811,0.602019805300588,1.01108253969500,1.45217528600610,1.87020595787030,2.23183512467169,2.51240345408379,2.69241108949324,2.75922971078951,2.71122878388718,2.54860796602121,2.27925371797208,1.91858956113961,1.49225980354269,1.03832077797291,0.617025710317297,0.313937708613242,0.194421223962473,0.349987486193577,0.353341727740721,0.232885190275400,0.185586391315979,0.506302463055741,0.902107957049534,1.32498530829212,1.72538791012062,2.06992974523096,2.33567352494809,2.50636382272658,2.57103612874715,2.52375064027006,2.36770187305450,2.11062654495473,1.76685006257836,1.36028969886198,0.927609177383396,0.522150256079818,0.194421223962473,0.236340924250309,0.352173732916269,0,0.347629867010888,0.338597040939737,0.537823349023316,0.886919032900788,1.28048004681170,1.65948771210511,1.98840304096011,2.24359826343077,2.40821565364623,2.47119087316973,2.42605169996835,2.27640860237406,2.03021459357902,1.70254379482187,1.31791411455434,0.915057392546268,0.556682638674541,0.349987486193577,0.352173732916269,0
0,0.327043542277354,0.276739901931950,0.417769453648476,0.689546209481652,0.990547793080489,1.26886665097883,1.49872204271388,1.66841904574850,1.77269003670062,1.80927722500502,1.77708249586950,1.67622231601442,1.50834552143842,1.27870808885152,0.999598921064845,0.697640646548543,0.425253272338481,0.283155554414979,0.330159858952849,0,0.327043542277354,0.185210370190159,0.105358790120535,0.373688463792316,0.692467860353072,1.02135989586400,1.31915531703161,1.56272216937678,1.74149359373984,1.85085584418316,1.88892382364677,1.85478243647049,1.74846495886014,1.57126084379144,1.32777884577112,1.02913654516526,0.699252878720756,0.379819604715542,0.110664847520334,0.187845845691486,0.326306474318334,0.276739901931950,0.105358790120535,0.198710526893295,0.444871259482513,0.778934417378615,1.12349621821245,1.43062561511393,1.67890105058332,1.86004007699081,1.97086648049042,2.00961662217345,1.97525893965930,1.86784334725673,1.68831821683175,1.43981483935246,1.13128950561663,0.785047256388637,0.449633084536046,0.202284391398882,0.106801480024071,0.275170928827309,0.417769453648476,0.373688463792316,0.444871259482513,0.653924031146166,0.955546215983637,1.27317591963314,1.55908508008013,1.79213997900523,1.96402822019342,2.07057863124454,2.10866324881107,2.07656834829301,1.97429392969038,1.80400294638179,1.57005125370970,1.28168630927285,0.961176550009199,0.657201737419912,0.446816253712974,0.374620197555412,0.417009092345378,0.689546209481652,0.692467860353072,0.778934417378615,0.955546215983637,1.21317559291038,1.49095704008465,1.74700080580385,1.96078379012550,2.12250615043420,2.22541281694750,2.26379692036645,2.23428092579982,2.13729742392334,1.97720559770006,1.76137612672017,1.50145734683268,1.21966778066681,0.959086804283399,0.781257096545189,0.694933627204692,0.691274908374252,0.990547793080489,1.02135989586400,1.12349621821245,1.27317591963314,1.49095704008465,1.73207642749141,1.96154914285947,2.16015817732500,2.31657298280464,2.42047793549268,2.46185689743587,2.43433747521873,2.33896786932475,2.18401721690141,1.98168124738350,1.74676787236307,1.50089664276453,1.28000253325811,1.12921806180403,1.02744611390936,0.996332861463137,1.26886665097883,1.31915531703161,1.43062561511393,1.55908508008013,1.74700080580385,1.96154914285947,2.17331891672872,2.36464046211861,2.52363417354967,2.63597464441432,2.68502377180012,2.65856918816938,2.55865738018031,2.40034583096866,2.20280163508953,1.98396066748250,1.76392175646577,1.57247043387317,1.44242535769942,1.33052746037225,1.28010236187558,1.49872204271388,1.56272216937678,1.67890105058332,1.79213997900523,1.96078379012550,2.16015817732500,2.36464046211861,2.55767573210848,2.72818301075494,2.85877548051450,2.92358089135837,2.89744243168296,2.78408703654066,2.61168301416219,2.40888117776273,2.19506491723525,1.98843631716594,1.81465133224574,1.69840090719667,1.58035023941249,1.51627191366590,1.66841904574850,1.74149359373984,1.86004007699081,1.96402822019342,2.12250615043420,2.31657298280464,2.52363417354967,2.72818301075494,2.91892222254289,3.07485452303807,3.17370149244074,3.14628189884108,3.00276162311856,2.80806254283745,2.58942123246537,2.36836739717099,2.16315303584923,1.99653907328428,1.88744303248756,1.76521952849294,1.69212834239869,1.77269003670062,1.85085584418316,1.97086648049042,2.07057863124454,2.22541281694750,2.42047793549268,2.63597464441432,2.85877548051450,3.07485452303807,3.36385837062676,3.46267206382361,3.43460358421036,3.28436151491123,2.96712280668016,2.72565401911225,2.48896036708020,2.27778956491579,2.11144181199744,2.00447544837351,1.87944010498669,1.80122438319542,1.80927722500502,1.88892382364677,2.00961662217345,2.10866324881107,2.26379692036645,2.46185689743587,2.68502377180012,2.92358089135837,3.17370149244074,3.46267206382361,3.56148575702046,3.53245226743829,3.37680281469262,3.06232603154502,2.79044279185320,2.54003934302132,2.32247950933855,2.15383569821828,2.04622044858076,1.91987069506386,1.84019082021630,1.77708249586950,1.85478243647049,1.97525893965930,2.07656834829301,2.23428092579982,2.43433747521873,2.65856918816938,2.89744243168296,3.14628189884108,3.43460358421036,3.53245226743829,3.50087314811052,3.34327703732410,3.03184502700947,2.76150913088851,2.51053998655760,2.29136625689232,2.12044302567306,2.01101422281809,1.88498059325653,1.80729729075845,1.67622231601442,1.74846495886014,1.86784334725673,1.97429392969038,2.13729742392334,2.33896786932475,2.55865738018031,2.78408703654066,3.00276162311856,3.28436151491123,3.37680281469262,3.34327703732410,3.19578025500552,2.88854104662482,2.64349506693073,2.40282490830261,2.18563111288391,2.01184612796371,1.89882349487966,1.77491954249088,1.70277672826264,1.50834552143842,1.57126084379144,1.68831821683175,1.80400294638179,1.97720559770006,2.18401721690141,2.40034583096866,2.61168301416219,2.80806254283745,2.96712280668016,3.06232603154502,3.03184502700947,2.88854104662482,2.68803526842727,2.46167387830383,2.23087011470277,2.01297751896175,1.83208806409795,1.71184449434991,1.59207511053487,1.52920637487001,1.27870808885152,1.32777884577112,1.43981483935246,1.57005125370970,1.76137612672017,1.98168124738350,2.20280163508953,2.40888117776273,2.58942123246537,2.72565401911225,2.79044279185320,2.76150913088851,2.64349506693073,2.46167387830383,2.24496258786959,2.01329364291709,1.78495231854707,1.58824668305472,1.45524501599344,1.34213087334337,1.29304514213115,0.999598921064845,1.02913654516526,1.13128950561663,1.28168630927285,1.50145734683268,1.74676787236307,1.98396066748250,2.19506491723525,2.36836739717099,2.48896036708020,2.54003934302132,2.51053998655760,2.40282490830261,2.23087011470277,2.01329364291709,1.76803136788514,1.51609055834415,1.29196200163156,1.13969507520798,1.03750883855079,1.00777488483601,0.697640646548543,0.699252878720756,0.785047256388637,0.961176550009199,1.21966778066681,1.50089664276453,1.76392175646577,1.98843631716594,2.16315303584923,2.27778956491579,2.32247950933855,2.29136625689232,2.18563111288391,2.01297751896175,1.78495231854707,1.51609055834415,1.22930623368397,0.966866781205246,0.788980503917133,0.703131220509641,0.700873429944426,0.425253272338481,0.379819604715542,0.449633084536046,0.657201737419912,0.959086804283399,1.28000253325811,1.57247043387317,1.81465133224574,1.99653907328428,2.11144181199744,2.15383569821828,2.12044302567306,2.01184612796371,1.83208806409795,1.58824668305472,1.29196200163156,0.966866781205246,0.661708999498886,0.452325129587276,0.381396896871639,0.425219996132656,0.283155554414979,0.110664847520334,0.202284391398882,0.446816253712974,0.781257096545189,1.12921806180403,1.44242535769942,1.69840090719667,1.88744303248756,2.00447544837351,2.04622044858076,2.01101422281809,1.89882349487966,1.71184449434991,1.45524501599344,1.13969507520798,0.788980503917133,0.452325129587276,0.206136112223106,0.112333649242449,0.281834489043733,0.330159858952849,0.187845845691486,0.106801480024071,0.374620197555412,0.694933627204692,1.02744611390936,1.33052746037225,1.58035023941249,1.76521952849294,1.87944010498669,1.91987069506386,1.88498059325653,1.77491954249088,1.59207511053487,1.34213087334337,1.03750883855079,0.703131220509641,0.381396896871639,0.112333649242449,0.190592796482326,0.329454403389363,0,0.326306474318334,0.275170928827309,0.417009092345378,0.691274908374252,0.996332861463137,1.28010236187558,1.51627191366590,1.69212834239869,1.80122438319542,1.84019082021630,1.80729729075845,1.70277672826264,1.52920637487001,1.29304514213115,1.00777488483601,0.700873429944426,0.425219996132656,0.281834489043733,0.329454403389363,0
0,0.327289786200458,0.278075941595817,0.422103679457160,0.699146394862117,1.00717924075174,1.29330968796746,1.53058567360145,1.70622081556551,1.81436848449622,1.85253629257731,1.81967603932529,1.71583763904889,1.54261502200713,1.30560524601974,1.01805723243588,0.708024486576183,0.429419453307750,0.283915915718076,0.330078332248579,0,0.327289786200458,0.185511519852874,0.106402831078289,0.377684936111879,0.702036433338004,1.03853208187990,1.34490777271945,1.59676040031501,1.78225694587526,1.89616139841367,1.93610948350638,1.90116946739031,1.79135798816835,1.60799111978089,1.35617176839116,1.04815888822503,0.709450371995777,0.383340227291810,0.110714262685984,0.187371659758482,0.326208309511150,0.278075941595817,0.106402831078289,0.200068196090948,0.449125622397218,0.789176833531500,1.14235051643281,1.45959587990504,1.71785084950129,1.90714254633587,2.02302693312085,2.06367381853589,2.02846759277321,1.91730842721535,1.73079529356715,1.47245047821517,1.15275265837365,0.796164836754715,0.453200293800469,0.202234477090145,0.106599826216772,0.275703348120507,0.422103679457160,0.377684936111879,0.449125622397218,0.660730679047636,0.968137932267754,1.29491360108822,1.59247775262535,1.83754536185322,2.01891732170149,2.13070873517002,2.17045716302779,2.13771337649615,2.03217788972268,1.85449958872098,1.60899938881738,1.30744874782243,0.975345558449413,0.663547509870708,0.449732913153521,0.377447011240232,0.420591275902422,0.699146394862117,0.702036433338004,0.789176833531500,0.968137932267754,1.23124457267327,1.51851472993849,1.78794717707131,2.01657134919084,2.18975736240619,2.29740588824953,2.33587318218304,2.30620744469020,2.20800936130111,2.04076315082549,1.81105750201665,1.53530923101828,1.24069667893781,0.972240888445956,0.791108517279631,0.704152800028463,0.700861783272387,1.00717924075174,1.03853208187990,1.14235051643281,1.29491360108822,1.51851472993849,1.76969517817638,2.01444167201805,2.23158555312801,2.40224257470068,2.50869315713432,2.54538017405620,2.51882576180799,2.42803163421492,2.26777342696252,2.04826693523899,1.79413655135473,1.53399482088820,1.30460030460383,1.14971786840242,1.04585783859224,1.01431865071146,1.29330968796746,1.34490777271945,1.45959587990504,1.59247775262535,1.78794717707131,2.01444167201805,2.24403085410650,2.45851263875047,2.63579162528228,2.74483775177027,2.77613402334852,2.75257446962454,2.67174656567602,2.51395079765465,2.29441102972530,2.05196059408555,1.81496745620107,1.61252833044510,1.47600770461784,1.35962251093519,1.30762178409272,1.53058567360145,1.59676040031501,1.71785084950129,1.83754536185322,2.01657134919084,2.23158555312801,2.45851263875047,2.67989923610310,2.87065508599397,2.98692214914594,3.00375990929331,2.98221356602173,2.91843971755843,2.76210810259335,2.53325099703305,2.28970244660108,2.06046266467379,1.87115432973631,1.74510406207183,1.61987405288094,1.55283580862622,1.70622081556551,1.78225694587526,1.90714254633587,2.01891732170149,2.18975736240619,2.40224257470068,2.63579162528228,2.87065508599397,3.19102175757257,3.27877111233266,3.19840907526568,3.17574797909897,3.21804203670233,3.08821491967674,2.73799949147326,2.48295401192881,2.25043652372778,2.06535426693004,1.94444517306551,1.81318717918944,1.73577008633796,1.81436848449622,1.89616139841367,2.02302693312085,2.13070873517002,2.29740588824953,2.50869315713432,2.74483775177027,2.98692214914594,3.27877111233266,3.37600418575283,3.32762058248352,3.30762158278279,3.31853617829334,3.16994128118253,2.85398370687572,2.59795657925944,2.36691988221761,2.18514860789945,2.06726764876497,1.93278186292390,1.84919203389191,1.85253629257731,1.93610948350638,2.06367381853589,2.17045716302779,2.33587318218304,2.54538017405620,2.77613402334852,3.00375990929331,3.19840907526568,3.32762058248352,3.34344341835323,3.32176397025835,3.26213300942024,3.09110994958350,2.86870842795321,2.62930276514644,2.40593623354723,2.22737611309117,2.11075964977803,1.97535876827678,1.88982228120404,1.81967603932529,1.90116946739031,2.02846759277321,2.13771337649615,2.30620744469020,2.51882576180799,2.75257446962454,2.98221356602173,3.17574797909897,3.30762158278279,3.32176397025835,3.29840407376931,3.23700947402249,3.06577011884789,2.84406739753992,2.60194972395842,2.37512246695343,2.19338446884110,2.07472151886974,1.93965339942673,1.85627986573260,1.71583763904889,1.79135798816835,1.91730842721535,2.03217788972268,2.20800936130111,2.42803163421492,2.67174656567602,2.91843971755843,3.21804203670233,3.31853617829334,3.26213300942024,3.23700947402249,3.25066935651358,3.09709966663197,2.77581789939319,2.51371786421387,2.27381305831972,2.08317367514924,1.95883713208475,1.82578222309414,1.74868125419800,1.54261502200713,1.60799111978089,1.73079529356715,1.85449958872098,2.04076315082549,2.26777342696252,2.51395079765465,2.76210810259335,3.08821491967674,3.16994128118253,3.09110994958350,3.06577011884789,3.09709966663197,2.96354561455399,2.61341337686508,2.34341024280237,2.09606820490637,1.89594510307581,1.76390511836286,1.63577508783433,1.56923265904641,1.30560524601974,1.35617176839116,1.47245047821517,1.60899938881738,1.81105750201665,2.04826693523899,2.29441102972530,2.53325099703305,2.73799949147326,2.85398370687572,2.86870842795321,2.84406739753992,2.77581789939319,2.61341337686508,2.36685332980596,2.10232413160144,1.84997402472880,1.63749047624460,1.49506498769373,1.37574649646762,1.32448949282533,1.01805723243588,1.04815888822503,1.15275265837365,1.30744874782243,1.53530923101828,1.79413655135473,2.05196059408555,2.28970244660108,2.48295401192881,2.59795657925944,2.62930276514644,2.60194972395842,2.51371786421387,2.34341024280237,2.10232413160144,1.83070710155622,1.55980550993624,1.32391048684398,1.16528946891816,1.05960923064935,1.02910992420060,0.708024486576183,0.709450371995777,0.796164836754715,0.975345558449413,1.24069667893781,1.53399482088820,1.81496745620107,2.06046266467379,2.25043652372778,2.36691988221761,2.40593623354723,2.37512246695343,2.27381305831972,2.09606820490637,1.84997402472880,1.55980550993624,1.25649954908403,0.984067251996103,0.801623798320279,0.714446794300376,0.712496808639040,0.429419453307750,0.383340227291810,0.453200293800469,0.663547509870708,0.972240888445956,1.30460030460383,1.61252833044510,1.87115432973631,2.06535426693004,2.18514860789945,2.22737611309117,2.19338446884110,2.08317367514924,1.89594510307581,1.63749047624460,1.32391048684398,0.984067251996103,0.669354207787142,0.455845752163543,0.384732836505579,0.429477686667944,0.283915915718076,0.110714262685984,0.202234477090145,0.449732913153521,0.791108517279631,1.14971786840242,1.47600770461784,1.74510406207183,1.94444517306551,2.06726764876497,2.11075964977803,2.07472151886974,1.95883713208475,1.76390511836286,1.49506498769373,1.16528946891816,0.801623798320279,0.455845752163543,0.205503864312435,0.111722198960418,0.282247113995961,0.330078332248579,0.187371659758482,0.106599826216772,0.377447011240232,0.704152800028463,1.04585783859224,1.35962251093519,1.61987405288094,1.81318717918944,1.93278186292390,1.97535876827678,1.93965339942673,1.82578222309414,1.63577508783433,1.37574649646762,1.05960923064935,0.714446794300376,0.384732836505579,0.111722198960418,0.189661062719231,0.329183202311891,0,0.326208309511150,0.275703348120507,0.420591275902422,0.700861783272387,1.01431865071146,1.30762178409272,1.55283580862622,1.73577008633796,1.84919203389191,1.88982228120404,1.85627986573260,1.74868125419800,1.56923265904641,1.32448949282533,1.02910992420060,0.712496808639040,0.429477686667944,0.282247113995961,0.329183202311891,0